20
2
1 2 2
3 5 4
2
2 4 3
1 3 1
3
1 4 2
3 6 3
5 8 2
3
0 6 1
1 5 2
2 4 3
5
5 8 8
2 6 6
0 3 3
7 11 5
10 14 7
8
1 3 1
2 4 2
3 5 3
4 6 4
5 7 5
6 8 6
7 9 7
8 11 4
7
1 4 3
2 5 4
3 7 5
6 9 4
8 11 5
10 13 4
11 14 3
500
201 329 216
277 444 337
283 411 245
363 491 91
277 441 143
107 426 71
385 424 81
141 415 489
478 488 2
173 359 414
450 466 62
271 361 102
321 341 296
442 452 432
294 388 103
294 495 111
394 416 247
472 499 142
369 495 72
340 366 325
281 437 158
490 500 309
370 482 282
309 389 67
91 118 168
106 480 8
48 169 210
442 498 240
480 498 370
204 398 10
308 339 243
11 100 119
194 328 242
415 474 292
488 499 327
49 160 485
277 301 75
347 469 476
421 473 397
137 327 448
435 449 28
284 299 88
187 253 340
381 434 209
333 344 294
68 171 432
133 237 276
445 496 34
248 414 341
470 497 61
78 227 386
232 340 301
462 472 354
197 231 94
409 497 27
323 394 159
360 370 261
25 214 60
321 477 417
360 487 488
119 371 453
293 336 293
291 487 223
126 284 48
442 463 457
261 350 15
344 427 29
178 216 442
319 369 113
111 306 316
348 406 12
331 483 101
8 52 121
175 275 152
6 351 91
165 339 64
331 453 117
377 428 94
319 462 372
58 489 186
209 462 379
480 493 463
329 440 21
70 166 327
16 274 99
329 427 203
449 480 29
13 140 399
100 222 129
430 499 440
72 83 81
71 299 358
104 395 458
123 287 204
242 414 331
451 473 43
345 355 441
227 269 156
72 210 178
121 244 274
224 494 302
81 172 191
225 370 438
247 350 374
394 492 293
35 382 182
119 266 149
360 459 374
59 463 36
387 423 373
140 300 244
323 428 9
26 327 407
216 464 202
294 389 478
342 445 388
194 424 139
183 327 131
207 400 122
76 95 375
428 494 323
459 482 415
262 426 298
158 212 345
426 436 86
44 334 183
335 407 467
374 386 258
158 322 80
404 463 386
148 360 397
41 251 14
479 496 59
463 500 109
5 384 252
391 434 320
450 494 189
472 499 391
424 479 51
477 492 86
426 475 325
70 269 332
197 421 424
106 241 356
409 468 153
55 97 343
279 293 129
418 461 144
168 415 401
237 327 196
175 413 367
289 409 362
311 437 165
277 300 137
444 500 7
135 276 317
232 464 141
168 371 220
205 219 210
369 429 185
139 175 161
487 500 150
371 386 195
481 491 62
447 487 127
329 394 363
5 362 107
49 482 263
11 259 187
197 500 63
268 362 324
27 88 238
270 335 498
434 496 71
164 308 86
132 179 243
403 451 154
229 364 177
426 454 135
353 424 352
97 180 162
43 361 283
409 472 357
81 142 367
482 495 420
484 494 485
314 342 225
256 273 296
337 493 99
464 487 37
48 235 13
80 404 148
18 301 311
8 413 188
217 455 219
37 389 369
288 333 22
41 412 266
50 302 61
459 484 290
315 330 434
310 466 392
369 391 286
40 234 3
449 479 496
150 417 43
370 404 495
442 468 9
412 499 1
14 190 90
241 412 490
457 472 281
100 189 388
186 376 55
62 365 334
75 331 40
88 294 136
404 443 402
1 271 125
117 311 330
132 357 461
271 414 73
324 480 378
363 412 477
273 464 45
66 437 57
395 446 233
93 325 203
462 484 131
75 205 100
254 420 479
356 385 279
238 455 303
457 484 226
397 426 297
375 486 358
207 365 304
461 487 209
368 453 120
397 489 218
191 458 277
116 130 217
375 451 435
353 487 69
347 435 322
389 418 307
87 323 218
86 96 144
102 376 491
261 415 235
152 495 231
69 411 58
319 463 53
47 367 387
364 497 342
418 481 467
407 460 67
65 400 371
458 485 169
427 442 18
396 462 383
183 411 157
177 302 398
344 480 469
403 478 90
418 435 457
245 393 385
153 348 132
201 272 144
314 469 260
230 333 184
482 496 435
376 439 496
471 492 311
192 445 485
371 404 174
468 484 451
178 251 212
141 243 339
334 456 197
17 36 256
462 490 20
432 466 94
187 263 165
271 388 494
445 489 103
360 427 348
422 470 242
323 467 97
256 479 198
218 430 415
85 110 149
446 465 57
13 369 289
320 417 329
177 489 481
21 324 402
35 161 424
57 260 440
72 442 47
308 370 483
120 269 116
427 500 355
279 327 154
261 462 222
40 74 240
320 474 463
387 486 410
51 82 285
467 479 179
364 492 136
292 400 269
31 165 428
465 492 270
368 441 92
404 423 100
88 413 487
24 77 360
385 456 486
435 489 423
206 441 38
220 498 215
354 441 173
434 496 461
182 273 162
213 425 5
420 435 200
403 471 205
246 442 237
388 432 299
355 407 452
353 411 192
230 331 459
137 158 17
236 306 363
236 462 370
27 222 209
391 435 421
468 483 117
11 334 400
208 446 230
390 467 44
199 294 150
77 356 93
300 449 3
218 363 282
422 485 333
4 454 359
472 490 172
276 484 272
455 477 235
281 304 281
88 177 76
122 361 314
346 469 163
419 442 119
383 408 408
440 487 193
101 248 462
243 327 279
112 399 239
294 316 418
234 253 377
44 113 408
485 495 484
211 272 306
50 218 350
55 286 475
458 481 173
205 462 474
439 468 156
405 425 390
28 162 477
340 351 121
410 445 77
368 467 39
476 500 244
198 438 207
106 310 484
73 367 25
431 453 81
445 483 450
292 434 312
306 468 311
107 277 255
162 374 70
306 419 355
31 101 420
180 230 167
444 493 406
303 320 268
355 484 492
343 378 443
76 111 69
8 431 232
17 51 78
404 466 394
364 400 482
91 215 348
375 391 278
367 497 114
345 420 149
472 482 458
345 425 68
364 500 445
274 462 96
175 234 436
246 431 426
23 194 123
13 166 73
424 460 295
290 471 346
47 334 229
365 453 264
425 438 327
30 199 120
59 126 488
309 359 500
265 466 30
284 358 174
343 360 125
128 375 425
361 375 321
465 475 411
367 402 180
215 417 351
44 325 127
83 384 205
143 286 19
310 393 151
16 27 255
277 361 227
197 385 473
350 407 241
400 473 377
480 499 390
297 422 318
351 369 423
225 334 87
175 457 449
39 89 179
214 266 432
117 169 306
191 319 349
86 306 199
481 491 460
6 86 1
144 424 446
242 439 248
186 232 172
14 63 124
472 497 83
210 247 34
434 452 241
186 455 419
134 169 241
444 475 454
454 476 147
447 485 403
296 308 224
481 499 106
333 496 23
485 498 100
118 362 265
275 398 33
2 96 201
473 486 171
27 81 484
312 473 365
229 377 405
248 347 2
80 224 175
231 246 465
62 297 321
198 212 325
305 454 356
14 39 37
269 377 89
284 314 307
29 491 46
132 156 470
9 113 397
12 210 51
329 406 360
218 499 376
186 230 496
149 261 310
50 65 261
15 188 6
121 247 381
243 397 254
483 499 362
32 122 423
25 127 438
170 282 364
391 447 414
338 402 404
252 397 259
250 312 76
345 418 224
500
398 469 450
273 379 196
468 490 296
418 428 9
459 488 422
434 444 427
170 487 484
254 291 147
61 168 229
381 444 164
328 479 198
273 315 408
448 480 11
299 369 48
454 479 448
100 255 9
32 249 77
453 469 239
189 473 10
202 408 445
405 429 115
289 399 494
211 393 189
482 499 415
218 231 430
301 495 479
17 53 440
75 91 421
345 490 66
226 485 354
333 365 295
382 433 221
64 278 45
23 466 451
56 311 50
79 145 457
114 211 105
374 481 87
370 456 243
242 381 412
33 451 179
304 497 431
395 463 133
36 113 357
392 455 128
37 160 387
14 274 297
162 358 101
388 492 83
178 303 489
234 259 143
170 292 495
434 484 363
448 494 28
399 496 105
46 173 259
338 435 441
443 464 113
108 261 96
233 291 177
246 354 58
395 489 348
20 146 329
123 431 153
56 330 433
434 473 336
116 236 154
204 246 119
10 46 9
362 493 286
268 284 274
129 165 209
303 414 287
99 116 384
111 202 465
377 433 156
365 451 281
411 441 320
58 167 181
296 466 334
467 478 177
377 405 302
42 98 162
279 370 493
287 401 388
335 452 212
421 448 416
225 441 39
427 449 25
397 456 209
117 185 51
406 500 21
304 412 181
198 339 256
263 373 473
49 201 272
173 365 291
42 360 63
214 397 116
32 192 482
422 432 276
382 396 123
196 278 260
406 427 379
262 288 333
191 282 317
112 454 12
272 286 311
297 327 325
207 299 303
445 494 214
186 404 186
285 461 125
117 292 455
151 460 111
393 498 29
60 142 73
186 410 108
113 210 348
212 351 348
377 408 328
189 427 215
336 421 359
404 453 139
373 416 313
428 500 158
8 168 128
175 313 36
442 495 250
236 495 222
250 389 475
254 321 70
192 465 315
22 275 54
291 482 154
134 377 289
298 486 252
194 356 266
45 427 372
454 496 199
344 373 434
85 234 276
258 324 309
110 205 344
126 358 176
39 74 422
113 483 40
459 480 428
131 327 355
131 419 225
240 335 293
84 280 434
251 352 4
4 117 90
17 52 47
432 496 217
283 316 454
254 280 344
27 412 248
188 241 269
439 485 326
410 460 165
258 437 187
389 491 33
26 364 114
99 386 16
192 320 419
404 460 263
335 484 55
5 380 239
114 242 167
26 372 206
335 347 104
261 411 110
342 489 93
308 409 276
43 254 207
186 316 471
280 378 383
309 432 188
145 187 11
116 303 224
328 394 144
406 449 415
152 412 81
243 275 364
285 463 323
86 268 304
193 225 246
77 260 469
85 306 399
267 359 242
218 389 443
322 461 163
206 446 37
454 468 208
235 309 235
197 484 230
200 273 11
106 387 314
113 283 252
151 354 150
389 495 465
69 171 58
41 395 374
317 389 69
108 383 15
84 408 472
490 500 331
399 433 384
67 242 261
29 148 275
313 431 135
442 493 88
477 490 427
159 307 336
288 485 185
446 492 444
133 330 156
398 477 218
414 498 67
171 319 478
234 249 334
171 432 380
325 448 51
349 454 470
270 329 490
23 248 253
33 483 52
456 500 180
162 405 204
458 500 478
78 162 296
180 206 97
210 386 128
341 473 99
282 365 488
395 446 418
339 368 338
272 418 258
396 495 203
190 339 428
447 499 59
167 280 133
250 381 14
7 487 331
398 432 289
174 323 435
63 186 375
2 86 271
390 439 291
370 450 436
473 484 366
351 439 360
16 189 339
455 486 75
487 499 69
485 500 135
163 213 174
16 245 205
470 493 409
5 114 351
345 475 191
149 470 351
266 364 424
376 459 474
140 165 185
471 488 100
6 254 241
64 360 223
447 470 149
35 370 210
292 366 442
263 458 361
411 449 76
17 163 303
489 500 396
19 232 395
326 367 49
135 213 243
362 393 367
447 471 245
433 455 406
298 479 26
252 396 413
290 399 476
23 59 21
365 431 180
84 157 227
28 62 290
116 343 343
424 456 296
465 476 487
129 383 162
7 31 7
263 314 379
299 456 452
384 465 457
228 454 60
486 498 258
99 166 464
83 115 143
466 491 370
413 448 195
65 274 493
396 496 138
344 364 446
155 173 285
26 316 144
63 192 18
291 470 407
171 203 91
11 235 165
406 463 20
409 466 344
12 428 368
166 229 146
167 243 199
375 482 34
455 490 481
311 401 54
61 115 215
368 410 98
339 413 141
75 355 103
258 268 93
312 423 205
177 486 251
261 416 97
351 363 362
290 471 94
115 334 335
363 412 318
116 342 370
111 182 371
486 496 432
226 323 328
97 119 474
486 499 320
329 401 22
55 192 42
145 391 312
185 236 271
413 474 353
352 386 332
157 223 126
287 490 184
478 498 467
450 484 129
53 303 415
300 421 86
320 387 263
38 386 450
426 442 288
222 451 480
275 325 395
326 377 421
310 386 346
83 116 171
65 182 376
226 450 340
27 220 194
209 289 270
421 455 186
344 427 182
269 399 18
200 361 2
420 483 54
471 492 472
116 405 216
243 399 453
211 447 339
277 496 402
360 472 497
410 441 362
468 500 417
378 458 401
153 187 117
345 370 309
476 490 340
177 353 124
272 366 171
23 161 242
423 491 210
187 335 468
208 477 273
330 385 158
407 475 447
22 335 92
357 374 324
345 495 270
486 499 342
378 442 275
75 189 7
428 473 32
326 440 405
42 64 447
180 250 214
49 357 203
388 498 119
227 365 220
267 392 233
278 311 411
179 371 389
177 382 169
459 494 6
394 421 61
373 458 437
61 259 501
327 413 396
148 388 463
189 258 163
385 399 20
239 313 47
71 199 437
178 328 155
334 369 74
475 487 247
276 435 80
184 308 277
367 498 271
409 499 464
230 406 352
409 439 410
10 339 25
3 182 106
470 492 229
275 303 8
108 181 430
23 39 41
332 381 269
453 484 85
207 252 308
3 277 190
205 234 444
5 447 35
342 485 373
331 417 38
31 447 137
425 447 257
42 307 158
441 465 1
199 433 420
487 497 78
207 251 326
458 495 418
416 470 45
449 481 295
461 471 491
316 396 56
192 268 136
260 404 118
156 294 432
232 407 398
429 443 148
288 342 127
450 484 98
110 161 497
191 362 264
388 398 102
78 409 30
102 420 168
446 475 134
354 383 29
219 431 481
245 289 161
196 271 234
411 465 468
256 350 79
190 226 86
198 395 95
463 494 225
38 86 378
284 347 305
302 315 364
18 276 349
336 392 148
430 473 256
278 469 423
24 303 64
250 323 31
240 336 107
290 406 136
410 430 96
328 341 219
323 390 61
422 440 342
124 426 237
274 314 460
375 439 49
135 480 345
138 389 85
454 484 227
276 322 500
288 415 44
383 426 493
472 497 153
50 257 125
451 484 313
56 433 149
500
124 205 415
321 387 494
128 480 285
56 420 348
350 498 465
296 462 229
282 394 483
392 482 495
386 436 448
358 409 138
403 456 57
315 387 118
449 484 3
478 496 129
359 384 183
213 245 184
315 391 46
94 467 381
153 337 461
439 490 453
135 375 391
345 372 476
327 463 235
279 378 64
34 95 403
458 471 460
96 119 196
400 424 8
339 413 407
388 453 470
398 467 367
279 494 357
33 186 178
397 420 386
106 444 265
191 214 214
466 489 163
337 374 215
50 445 316
24 124 483
438 473 331
137 440 258
251 309 40
233 248 433
269 307 372
51 420 273
404 468 116
356 419 479
341 372 214
405 455 499
480 490 28
489 499 95
436 482 300
375 482 4
261 410 262
357 494 152
400 496 363
76 241 105
326 423 237
129 435 469
324 370 185
334 494 390
283 369 21
490 500 267
186 344 18
329 442 193
184 469 464
76 340 25
218 276 394
79 494 205
417 487 96
206 249 430
306 352 68
183 430 263
386 398 70
479 495 160
41 113 319
119 229 148
289 403 160
228 416 366
450 460 355
410 488 305
459 497 404
380 421 93
341 447 395
146 438 307
312 471 446
395 478 451
275 385 116
240 353 120
212 346 227
395 479 430
218 417 404
87 132 337
95 278 325
92 436 309
463 492 261
165 283 257
309 425 31
10 112 392
163 258 239
442 463 322
455 486 197
100 458 419
155 219 38
464 498 318
360 372 463
23 102 261
27 468 98
265 472 140
114 136 343
264 279 119
377 399 174
231 252 212
125 424 454
7 51 25
180 457 437
10 493 317
127 307 411
9 459 141
486 497 58
466 478 328
160 179 289
3 29 195
50 239 259
309 378 213
367 402 471
37 370 466
115 186 13
135 208 19
311 343 33
236 395 440
398 461 126
158 266 162
442 491 293
179 312 211
356 447 83
1 464 131
1 148 417
426 499 78
139 173 347
139 320 349
427 480 463
297 487 13
210 459 406
288 378 443
464 485 313
314 490 145
402 454 435
314 352 389
141 406 272
361 445 486
461 472 376
409 490 290
487 498 194
37 252 140
238 329 369
309 342 224
444 471 174
427 444 149
54 238 154
229 431 226
424 449 213
385 435 323
12 231 224
446 498 14
369 488 201
83 255 195
367 411 170
310 490 341
399 468 129
112 419 255
438 470 51
432 491 291
344 359 336
341 438 393
229 367 332
262 283 389
230 317 401
323 447 187
407 417 412
440 491 441
340 418 246
88 280 264
272 324 60
122 146 129
75 200 439
293 395 324
181 382 474
20 284 463
399 451 371
185 437 308
429 478 456
368 490 190
481 499 212
490 500 53
160 226 168
219 412 101
230 274 297
21 427 287
386 484 82
407 487 162
340 468 16
335 490 143
316 437 11
150 219 78
55 458 458
216 240 252
333 409 439
76 293 201
166 200 213
242 349 188
87 206 321
110 307 143
127 319 320
431 496 75
183 329 26
411 445 107
396 465 351
431 480 413
331 344 475
408 453 253
108 375 360
489 499 251
265 341 486
442 500 22
28 178 434
220 346 496
63 170 477
125 303 432
337 427 283
478 492 229
397 488 198
416 465 389
458 484 410
104 137 378
113 222 2
429 478 84
173 208 183
181 372 132
33 493 405
23 218 77
60 78 79
110 211 16
189 221 392
137 428 196
287 400 179
410 499 338
126 457 468
474 499 320
353 453 370
279 334 55
443 485 386
404 480 199
269 421 9
412 485 455
453 497 41
126 183 465
69 498 303
459 484 195
10 292 374
408 428 415
301 408 135
184 437 43
381 463 1
81 126 226
50 458 7
214 303 237
480 491 203
406 445 326
466 495 175
3 142 305
237 272 415
49 410 39
239 264 445
415 440 313
22 235 206
471 486 151
89 467 359
151 365 355
206 370 163
466 485 193
476 486 231
54 105 294
37 305 215
89 337 74
481 498 92
265 454 234
322 355 368
64 114 416
138 374 161
439 478 418
230 270 187
164 288 63
117 217 304
30 131 284
275 474 497
65 175 218
27 41 468
98 258 175
101 321 292
262 306 271
377 435 52
57 85 55
162 195 301
422 466 139
220 452 122
488 499 225
138 366 94
334 390 302
363 499 459
55 277 295
411 421 20
478 492 156
35 251 412
268 361 79
75 201 34
79 254 106
371 408 498
434 490 295
360 434 394
385 416 294
63 103 390
425 459 306
216 307 70
474 486 257
30 204 139
220 378 434
274 475 176
129 260 270
426 491 440
145 297 379
168 231 274
107 319 253
392 474 380
3 50 409
440 456 68
378 426 168
367 386 403
57 328 331
237 490 153
313 407 433
128 314 370
138 370 121
193 411 414
366 473 35
366 471 289
41 99 262
400 434 485
350 438 282
415 437 138
343 433 376
75 310 448
141 485 108
219 434 113
439 472 368
160 376 478
473 489 186
370 469 249
375 500 266
221 249 444
41 220 426
258 310 204
355 445 210
490 500 12
469 493 332
399 494 377
24 286 342
187 481 268
19 147 14
45 279 133
368 474 269
317 401 147
459 481 9
0 203 362
76 261 280
136 358 221
54 204 176
204 300 326
352 421 361
264 281 170
245 325 250
21 344 435
440 493 353
47 72 321
462 494 412
55 473 228
410 481 72
85 102 484
321 418 364
65 324 387
343 417 124
400 445 450
223 363 112
141 416 442
399 437 217
253 379 254
121 469 137
83 117 345
386 427 478
439 472 169
204 350 22
209 462 244
181 222 127
75 291 421
456 499 2
29 107 500
176 489 173
266 301 420
459 493 498
8 172 47
222 421 462
32 318 300
444 496 298
0 190 231
142 161 284
184 276 281
96 364 146
331 371 81
35 180 377
27 182 373
228 360 30
456 486 476
451 492 383
272 339 61
203 222 89
379 495 281
447 482 420
221 433 353
296 439 248
450 486 379
407 451 429
322 354 280
475 493 442
257 414 103
455 470 99
232 351 134
326 432 17
226 342 59
451 461 180
157 289 294
444 487 391
412 423 144
66 202 81
361 453 189
235 266 139
46 187 17
396 496 477
69 102 29
184 198 35
450 487 86
22 97 501
257 341 238
368 396 447
246 445 251
192 330 383
47 318 12
338 459 385
271 395 490
157 281 365
431 485 114
266 388 426
194 331 376
66 85 481
122 174 351
465 478 401
41 359 5
362 474 399
465 490 118
450 477 325
10 331 6
391 411 416
276 383 90
211 309 314
220 292 92
12 162 328
480 497 204
148 286 129
437 477 31
51 76 408
182 301 402
170 198 114
447 494 38
360 458 297
489 499 365
78 104 223
51 73 297
146 161 213
161 255 420
321 470 154
225 321 77
234 300 44
0 110 134
43 188 48
219 447 382
342 442 350
202 400 91
479 497 68
460 489 501
48 79 168
500
89 289 209
307 335 149
73 355 94
122 465 43
265 367 162
203 367 74
234 265 482
434 482 248
407 480 163
11 430 115
294 358 18
380 419 91
92 174 253
40 400 474
86 461 430
48 173 184
373 429 399
302 322 367
68 392 308
257 359 167
453 489 359
394 404 200
232 470 441
487 499 354
74 215 331
471 491 32
108 180 467
398 492 283
9 446 291
472 495 212
298 481 77
277 361 293
47 443 196
324 446 431
302 319 295
295 379 209
317 337 198
114 138 377
411 434 423
170 336 323
192 401 61
375 450 479
398 417 150
388 448 130
276 301 492
239 253 19
484 494 484
135 344 60
149 474 470
346 391 401
150 405 476
354 466 45
344 490 26
479 493 296
143 441 396
465 481 349
109 393 148
333 354 313
365 415 259
212 243 28
137 235 21
205 348 281
293 362 420
358 461 484
154 305 344
112 188 51
12 161 361
7 94 356
275 356 49
323 353 329
188 393 169
138 308 414
165 288 164
143 356 106
281 472 186
394 492 439
59 151 221
114 235 460
285 443 376
48 460 415
18 423 340
35 149 463
184 229 428
185 469 366
175 265 198
309 319 444
79 162 440
37 149 32
334 438 20
305 417 199
18 433 236
460 494 213
464 484 278
202 336 322
387 412 234
490 500 336
119 242 36
20 154 217
363 436 290
362 486 222
181 317 427
489 499 118
165 476 178
170 252 493
205 299 435
285 349 85
90 303 345
303 402 478
245 458 36
37 301 212
93 306 70
203 302 350
446 497 471
348 432 220
485 497 358
144 179 462
30 353 423
149 265 118
214 303 429
63 424 380
72 494 12
50 396 194
353 408 419
196 357 95
223 334 319
45 261 486
270 436 23
404 460 434
314 388 216
173 235 249
23 279 257
145 211 276
98 119 245
404 472 223
7 167 228
485 499 220
373 446 157
295 478 75
165 462 263
77 368 413
196 430 254
441 485 199
194 264 188
168 379 495
18 322 171
257 306 59
476 490 262
123 287 372
163 389 500
169 364 358
316 393 274
25 92 468
142 214 173
366 406 258
7 253 376
325 337 9
126 211 119
458 473 399
437 500 129
17 133 273
210 348 16
48 468 277
401 463 458
301 473 292
375 413 145
443 479 221
388 446 60
417 486 46
273 439 79
196 357 193
190 441 381
294 423 250
320 478 498
106 384 11
311 399 76
61 207 45
339 458 3
40 83 66
317 371 350
181 323 26
276 343 192
440 469 10
449 460 142
410 453 133
282 458 483
418 444 403
122 360 68
485 495 421
165 401 156
4 348 123
188 219 150
100 341 264
269 460 496
370 423 85
106 252 78
33 81 116
413 497 40
395 489 416
280 408 170
432 495 314
250 289 296
119 199 42
479 496 113
78 345 101
277 420 450
362 408 161
188 438 261
53 267 432
478 489 344
400 489 104
305 461 124
301 445 181
332 404 452
190 297 50
129 145 363
87 201 369
371 393 5
64 177 211
202 397 253
289 346 269
400 466 18
186 395 251
152 355 457
58 240 237
409 470 463
425 462 73
437 484 336
451 478 37
16 370 203
177 243 224
295 336 57
417 441 29
12 169 367
439 494 177
120 141 263
60 497 202
249 259 168
477 494 326
430 448 37
82 435 382
194 438 282
467 496 487
127 420 122
138 292 321
113 359 411
361 446 14
314 471 226
279 403 465
410 462 255
443 490 109
224 257 498
222 249 15
267 345 278
179 496 146
56 194 143
248 391 283
223 258 133
156 364 160
118 202 144
59 325 46
448 491 132
139 390 468
246 371 102
315 415 493
272 485 118
83 111 214
480 498 448
445 494 270
275 322 92
236 293 389
253 302 347
486 496 31
457 498 375
113 222 107
107 209 490
398 412 284
268 354 27
140 387 307
163 254 299
49 62 8
441 477 423
206 236 417
364 454 50
82 273 280
257 490 302
356 461 42
205 350 312
312 325 347
180 195 155
470 500 348
347 440 111
380 464 171
283 358 326
309 397 270
157 344 339
275 411 97
424 484 91
54 216 450
442 473 418
109 289 55
222 259 110
108 301 320
445 480 410
128 416 499
306 369 368
285 372 96
287 369 22
168 490 306
97 199 458
460 474 179
15 478 98
280 290 298
464 482 162
352 447 333
149 355 416
407 485 275
365 432 152
325 479 490
296 416 58
292 366 318
272 377 424
282 488 462
168 350 17
129 169 292
43 87 138
350 396 497
261 441 41
97 487 176
129 471 47
401 442 359
189 339 174
31 302 397
12 82 83
349 366 44
167 363 32
212 386 279
50 216 152
116 371 129
480 500 258
465 486 133
16 185 256
432 498 39
489 499 52
130 233 180
85 188 438
244 272 126
199 430 327
322 414 267
429 491 468
230 359 449
57 394 464
5 190 243
206 463 231
482 500 463
473 500 9
26 130 315
271 367 242
260 485 86
308 497 342
453 472 371
456 494 259
234 444 294
98 441 353
214 488 141
187 386 10
424 481 160
431 460 428
324 488 414
286 442 362
292 410 352
249 419 230
94 121 199
463 492 239
450 496 153
435 448 148
254 401 371
5 219 139
24 388 147
275 315 247
206 246 438
428 485 214
466 477 172
63 326 189
22 86 197
437 476 477
87 138 182
438 462 99
463 489 15
29 289 246
78 412 131
263 314 357
50 238 241
449 469 11
482 500 138
104 382 84
422 485 385
166 403 336
255 455 229
211 445 360
484 496 413
402 454 117
477 497 415
382 407 387
381 497 334
357 477 384
125 315 442
467 477 185
334 485 80
379 456 112
18 166 175
13 121 14
210 247 226
328 372 301
431 444 28
35 60 456
0 162 240
307 445 155
389 407 10
308 330 266
62 98 73
441 479 324
55 100 255
107 286 114
4 236 492
185 413 221
478 490 79
343 457 205
222 353 258
427 485 76
54 341 297
477 497 48
348 386 113
106 362 235
374 475 245
80 320 455
294 403 128
142 393 34
217 240 200
312 332 109
241 348 346
354 500 210
315 478 304
165 431 103
64 363 400
336 426 135
471 485 277
417 461 335
420 488 437
101 167 274
150 484 311
488 498 53
433 497 115
298 363 280
103 427 225
481 494 372
101 176 453
180 377 494
479 498 60
201 314 2
438 472 140
284 373 62
436 473 56
36 362 63
298 477 365
44 160 434
41 225 145
395 410 453
125 444 137
415 459 343
412 450 102
343 435 72
393 474 454
66 345 471
207 408 488
135 161 154
342 435 136
62 74 92
3 130 208
235 481 409
167 330 398
23 65 420
478 494 287
96 359 324
431 444 125
333 489 21
226 296 359
406 417 279
277 437 377
168 180 23
418 440 493
33 49 44
156 367 286
390 448 69
291 498 271
256 351 334
6 80 213
313 333 51
73 180 386
479 492 320
185 260 260
500
406 457 253
33 145 486
478 499 172
255 384 158
46 263 110
103 380 268
346 381 465
364 479 375
225 455 204
481 497 128
284 436 3
294 400 232
33 408 482
108 163 225
284 474 260
350 394 307
343 479 459
174 430 173
415 464 15
197 419 258
276 349 1
67 174 176
424 498 269
450 493 28
262 336 231
257 474 271
407 449 31
451 483 5
298 457 455
365 401 333
217 263 310
305 324 32
317 362 400
89 467 325
479 493 470
69 252 211
3 474 239
192 310 98
447 469 470
198 411 54
437 489 206
36 494 301
231 456 174
32 413 125
58 398 80
175 459 63
282 454 501
475 493 343
475 486 123
2 199 474
11 411 114
273 342 395
439 465 98
343 355 210
229 433 128
225 483 337
391 458 379
133 472 429
243 478 331
406 454 85
268 438 413
423 460 120
348 358 28
231 245 233
465 482 228
48 76 326
355 404 306
452 464 488
398 435 74
34 357 162
174 190 190
436 478 472
62 372 22
74 306 138
423 451 363
174 383 77
240 367 168
11 366 89
295 442 452
67 79 17
312 475 151
307 486 265
319 496 382
1 244 261
135 444 359
299 373 149
176 335 469
477 493 317
426 440 21
74 298 263
237 282 206
308 329 147
17 484 25
368 497 17
391 450 368
118 461 18
278 350 167
481 499 321
1 66 454
168 482 347
430 477 88
348 475 222
226 485 489
23 486 439
171 277 484
20 381 269
370 480 8
361 448 203
402 476 461
234 481 304
264 432 329
105 275 15
335 473 371
395 413 229
39 109 245
33 83 20
8 358 228
90 381 392
23 461 19
13 234 252
314 422 127
223 267 451
103 389 186
394 431 477
379 413 250
490 500 234
433 443 258
30 132 360
461 497 164
81 348 21
286 497 76
95 391 366
244 409 496
470 495 85
4 43 491
24 468 131
302 363 289
383 434 73
247 282 333
451 482 460
225 280 34
373 409 92
266 466 251
173 309 134
255 290 171
185 249 62
351 413 281
20 172 5
336 473 255
408 459 315
357 462 14
369 408 273
357 485 252
280 391 242
270 405 195
326 411 341
379 455 364
290 373 154
270 326 369
340 478 140
442 494 196
407 436 500
399 429 90
388 472 334
179 361 243
244 451 219
474 498 493
93 495 328
125 273 152
124 373 256
471 488 215
111 171 318
435 474 232
100 425 213
177 423 64
401 483 117
316 357 297
115 292 401
454 487 481
53 465 103
267 499 142
3 489 298
302 449 46
192 415 47
354 370 467
443 485 125
79 409 411
43 108 400
231 274 120
96 223 218
197 379 36
260 447 449
141 281 459
142 180 258
188 369 159
35 251 279
341 355 280
33 392 443
450 497 49
385 443 268
38 306 290
480 496 388
1 191 28
232 462 100
438 458 393
263 340 309
185 418 367
342 477 225
339 465 421
17 96 414
179 229 154
337 415 384
443 472 349
245 475 112
58 284 130
397 471 405
142 336 406
440 467 247
108 364 262
450 473 256
247 499 412
125 461 402
209 423 188
462 480 184
279 479 485
92 356 215
12 188 43
124 227 264
217 312 160
265 308 435
57 156 412
414 439 115
34 156 364
77 487 278
276 325 20
340 403 497
398 484 279
118 336 123
473 494 410
486 497 33
3 310 440
373 478 499
420 491 216
278 404 209
124 261 381
300 388 106
163 457 372
411 462 137
77 217 118
488 498 442
405 491 79
70 462 119
170 222 302
294 462 208
137 252 354
438 471 277
480 494 433
251 438 424
292 415 445
48 359 473
223 340 362
135 203 126
248 410 397
407 491 65
273 457 448
316 344 185
85 460 144
373 411 481
72 362 405
482 493 59
67 490 124
154 454 380
47 453 480
65 133 352
449 473 71
291 345 49
146 246 78
336 476 160
182 238 165
200 491 422
48 79 187
489 499 455
368 425 420
318 414 164
476 498 135
466 479 218
138 351 71
198 333 296
244 340 447
82 157 31
280 349 360
166 473 345
330 444 110
148 228 464
248 301 438
335 378 23
337 386 274
215 329 408
430 475 233
433 477 348
349 407 353
157 304 282
103 280 379
451 473 12
258 411 224
2 375 299
202 429 287
402 493 262
241 374 117
415 488 198
423 445 310
174 294 316
312 404 51
198 320 321
403 492 293
397 447 91
62 232 60
307 475 180
427 449 333
118 219 430
411 428 392
60 300 295
11 202 336
31 248 32
282 357 31
364 386 220
479 499 475
250 479 294
127 213 418
370 475 309
202 272 216
235 311 33
406 478 78
485 497 333
433 500 165
231 403 389
264 466 67
20 386 145
255 427 166
330 345 492
289 346 322
350 485 193
488 499 286
19 105 34
395 472 366
249 361 365
351 434 300
105 282 84
286 414 363
364 482 385
415 444 70
273 337 486
203 238 86
467 480 158
7 261 140
144 220 33
157 445 153
474 498 115
381 493 383
354 407 20
132 403 425
433 473 245
250 402 97
197 482 190
456 493 97
286 304 382
349 458 172
54 444 314
11 264 227
408 496 498
386 476 408
107 199 309
398 417 289
294 411 390
384 470 169
16 127 250
230 294 457
164 379 386
348 470 491
185 265 191
22 111 487
49 219 166
254 368 132
295 479 490
22 471 342
483 494 365
339 433 194
146 164 488
479 499 207
44 219 320
450 492 249
445 461 86
102 473 361
7 147 469
61 295 458
488 500 423
12 72 226
208 333 434
192 393 42
411 452 75
447 457 150
98 188 155
99 295 83
115 390 236
171 346 75
320 446 416
297 383 201
104 204 201
372 472 318
143 203 383
245 300 385
301 363 339
210 279 196
163 387 277
426 486 29
255 269 267
297 318 91
219 446 10
448 493 44
219 343 311
482 492 50
228 299 225
37 408 387
240 280 122
375 429 56
77 336 246
134 359 175
199 362 238
442 492 147
208 408 137
146 300 81
22 148 9
58 141 101
308 425 399
429 494 346
72 326 286
468 496 170
277 420 335
136 390 332
418 449 322
288 366 78
182 421 376
440 483 357
31 445 446
485 495 67
481 494 415
9 70 152
154 288 493
3 64 408
338 442 320
355 373 1
169 416 393
358 384 442
81 392 44
193 301 104
485 499 121
458 483 68
457 494 370
417 446 316
236 411 105
479 493 310
329 378 33
0 117 174
62 185 195
16 484 432
1 108 292
437 459 399
378 422 441
236 364 471
215 306 178
432 452 170
359 454 290
376 456 254
228 328 101
434 483 108
155 458 163
334 374 254
393 457 156
468 484 471
34 260 102
482 497 267
112 244 445
299 490 283
35 109 431
341 478 259
202 439 244
415 430 95
51 462 61
268 446 466
43 279 113
454 496 424
56 293 40
194 280 346
437 468 35
176 266 377
326 424 288
365 433 139
118 479 200
204 461 37
137 250 403
500
156 333 456
27 270 163
114 491 70
35 304 138
126 248 310
42 444 435
388 433 109
367 465 278
245 475 113
195 350 220
394 454 58
461 497 483
202 240 221
353 397 272
335 347 307
118 186 208
298 374 292
199 341 80
324 388 276
410 437 387
300 408 197
347 495 308
79 469 42
239 384 469
298 480 297
285 433 163
119 267 112
437 474 21
425 460 211
378 480 103
58 139 249
349 402 282
238 479 67
160 373 116
43 158 330
416 488 316
94 341 372
364 399 357
196 403 402
464 499 454
140 457 353
468 480 105
233 317 288
174 243 290
4 52 59
467 492 108
101 269 385
14 324 156
299 319 380
280 389 191
246 486 195
476 497 321
123 389 172
474 495 245
425 442 449
43 303 108
354 455 199
364 427 5
146 437 118
391 439 338
301 338 68
106 246 238
137 414 13
168 194 202
357 470 478
463 477 416
292 346 490
417 471 83
140 188 380
252 479 254
346 379 205
238 346 61
134 291 242
225 489 286
33 196 285
121 235 17
67 436 111
245 355 476
189 336 366
239 298 487
25 164 486
422 470 405
380 399 30
27 214 49
410 433 271
18 133 261
357 438 374
484 497 370
344 357 382
18 88 462
213 307 192
450 500 458
130 348 189
432 490 45
318 370 122
178 488 186
310 357 85
51 297 155
205 349 264
207 398 79
435 470 498
333 348 147
235 359 126
445 458 390
334 481 138
128 366 209
460 471 425
325 491 247
392 415 29
299 328 148
338 436 100
259 287 210
145 254 441
465 477 65
179 197 214
318 463 198
341 470 484
118 176 129
317 488 445
280 306 262
318 445 63
463 483 379
244 372 348
207 355 41
60 371 88
219 421 389
283 316 338
219 400 23
394 436 475
154 289 148
103 441 397
48 373 295
34 418 415
476 487 430
14 462 121
396 499 309
101 134 299
331 416 304
433 448 409
116 186 482
132 208 161
237 286 407
404 467 499
63 367 31
467 497 462
196 465 15
296 429 235
12 137 448
255 382 109
207 281 129
107 374 35
423 450 348
13 40 417
13 324 325
243 311 347
489 500 355
464 474 16
155 265 479
107 136 443
86 432 343
476 500 278
206 382 368
5 364 32
208 291 127
472 485 292
410 424 180
131 308 187
383 482 78
382 416 225
261 319 301
365 403 322
429 475 187
59 134 56
231 408 22
86 110 280
40 246 196
43 249 239
182 196 438
461 486 272
114 199 218
474 489 243
210 334 344
479 499 66
314 482 404
472 493 459
11 256 131
7 142 365
130 225 22
93 186 216
332 406 485
73 465 91
112 311 470
15 284 237
214 314 188
28 400 388
67 410 241
381 411 365
390 440 32
466 479 233
242 270 284
100 165 75
68 252 50
115 456 447
343 412 305
77 103 14
379 448 363
3 189 54
284 379 438
222 263 110
462 472 29
435 487 377
388 407 11
392 403 378
72 191 269
93 376 496
486 498 339
328 354 47
271 297 323
318 479 403
198 404 128
318 458 392
357 469 358
452 473 93
400 491 482
71 224 26
133 362 296
184 281 278
132 172 57
324 398 112
381 459 380
466 476 370
58 230 171
462 475 413
237 290 130
218 422 364
60 431 215
326 395 477
426 456 302
296 342 194
462 473 220
58 497 466
482 500 85
282 299 289
416 458 146
460 489 231
114 408 114
98 337 229
188 452 212
169 241 213
386 431 349
276 301 66
207 352 299
72 254 467
372 474 140
75 122 472
11 33 81
315 479 260
213 382 165
398 466 203
291 339 184
264 348 21
462 497 437
267 309 416
293 444 234
439 456 2
51 457 492
450 487 73
265 323 422
417 478 402
234 359 454
164 247 426
133 341 309
488 500 492
342 449 491
405 432 301
49 250 245
408 450 341
216 451 200
473 496 15
267 385 174
101 472 336
29 111 407
354 483 4
321 480 460
229 240 419
223 325 451
377 388 263
156 397 179
27 312 271
170 211 122
93 217 55
403 460 477
103 223 311
323 371 281
41 495 81
413 451 430
429 492 35
417 486 74
137 477 489
161 212 451
301 316 145
140 375 471
241 394 107
483 499 215
128 342 429
20 67 128
347 392 383
47 410 369
351 474 391
142 197 48
255 479 143
369 392 154
251 301 84
411 422 89
160 249 375
401 466 6
360 391 270
78 185 236
21 361 176
97 369 468
216 270 322
489 500 280
17 237 357
400 449 372
268 411 367
143 360 410
50 123 219
236 271 101
6 298 386
91 288 232
450 490 415
392 433 275
187 313 302
488 499 127
63 267 117
125 370 377
486 496 422
294 395 481
141 381 175
425 493 436
123 244 432
311 409 17
334 475 218
397 450 303
367 392 120
413 462 464
364 464 193
142 483 201
177 300 448
63 269 170
296 323 485
353 382 300
39 390 94
37 178 358
372 420 393
319 445 312
224 327 3
57 123 328
487 497 143
410 465 262
190 223 312
252 310 89
453 480 257
24 224 409
484 495 409
159 256 133
188 287 45
377 405 432
4 421 356
413 459 434
378 476 496
206 241 307
117 484 25
365 451 400
367 419 135
467 479 135
312 495 142
288 459 92
239 269 436
57 288 59
103 317 140
430 479 240
236 339 161
451 468 244
354 460 152
38 112 445
164 354 123
306 456 105
420 463 114
340 393 74
73 453 395
287 356 384
457 500 306
193 336 398
226 249 153
253 472 168
161 279 263
192 294 491
86 344 256
172 182 195
100 369 34
379 485 102
267 430 204
381 487 86
388 450 116
388 449 258
155 339 53
342 478 177
188 215 355
420 444 406
489 500 313
191 254 495
168 388 125
200 480 99
109 268 69
266 380 327
107 282 374
86 339 27
420 454 241
282 461 399
348 398 57
426 467 188
239 466 62
95 326 265
200 281 177
459 473 141
414 468 299
427 460 75
244 443 269
113 150 340
255 291 434
268 496 150
169 323 160
233 352 341
384 482 8
333 397 250
172 364 440
42 82 310
7 380 28
303 499 228
349 489 12
479 491 123
244 429 115
248 308 409
230 258 102
228 243 332
360 491 467
484 499 366
423 454 49
59 163 230
82 227 384
385 421 171
31 115 349
148 219 247
106 151 437
336 431 124
437 484 455
339 386 394
220 235 206
468 498 289
388 464 439
227 267 190
313 423 158
267 469 169
299 424 401
129 199 234
459 495 301
342 483 77
119 168 498
299 360 155
374 412 420
243 351 65
374 384 422
37 205 159
433 455 369
54 286 421
115 173 427
148 260 103
338 389 294
207 435 219
481 497 283
307 319 259
288 473 222
470 483 234
75 247 120
236 257 445
41 70 380
229 358 227
398 486 10
292 331 223
285 318 250
455 476 68
386 407 202
152 379 60
383 457 249
120 169 338
467 486 31
226 288 240
30 427 151
242 457 20
500
448 487 346
75 316 184
0 386 208
407 462 23
282 379 444
252 341 316
426 487 401
44 484 448
230 380 417
456 477 303
15 483 409
167 324 288
393 468 402
443 471 76
356 419 287
277 343 110
431 498 370
245 262 88
184 407 60
33 431 341
218 475 290
469 482 60
175 376 438
44 352 163
338 382 313
427 470 427
115 448 391
288 316 300
54 326 227
426 493 288
275 452 3
231 488 106
192 430 36
149 188 263
360 425 371
342 376 498
361 457 150
146 231 19
267 339 407
415 491 292
282 420 390
46 255 299
370 381 147
21 307 307
352 384 75
341 403 488
330 385 392
11 93 408
228 383 143
472 498 136
364 400 493
115 257 310
360 370 69
225 318 38
212 492 2
231 287 452
25 121 287
87 112 447
206 303 123
308 407 46
361 471 395
334 422 494
446 494 430
267 408 382
453 464 209
416 499 114
312 466 326
163 173 3
82 453 485
450 464 461
257 447 272
334 443 342
261 386 29
432 461 175
398 453 88
457 487 237
434 481 121
207 440 412
79 175 418
258 334 24
470 482 308
201 403 48
20 493 191
197 212 414
351 380 338
155 351 267
348 361 210
303 500 245
488 500 403
60 178 99
267 446 116
103 241 382
104 286 404
57 439 432
419 488 474
143 238 303
406 471 154
386 451 225
363 416 397
464 491 371
93 176 291
100 260 76
1 409 83
418 488 13
303 458 212
341 383 325
7 320 57
324 363 138
49 68 315
47 237 70
231 267 50
110 337 161
462 483 210
363 455 17
293 313 178
268 387 229
202 435 98
51 414 403
289 485 200
183 205 272
429 464 361
394 425 143
371 413 363
303 365 153
428 464 278
250 468 52
224 468 328
401 433 219
242 393 105
43 447 357
36 156 228
239 398 456
164 448 71
317 480 49
128 349 113
103 406 292
150 282 234
24 277 450
244 274 150
266 496 299
104 347 283
276 306 270
145 410 366
420 465 202
79 387 174
456 494 268
248 380 293
359 473 26
89 334 217
103 328 381
270 426 261
314 337 493
278 434 15
181 333 202
228 340 389
128 275 408
478 488 255
23 362 340
346 437 439
83 380 355
429 447 108
66 146 337
83 361 56
464 496 8
15 39 452
313 427 298
200 285 238
185 222 114
154 173 428
46 483 273
446 479 392
31 314 324
213 374 175
118 149 51
350 462 144
146 341 433
67 475 394
47 94 327
55 99 257
204 243 168
345 459 477
421 497 187
487 497 231
58 76 461
66 360 13
435 467 140
62 256 466
139 330 91
484 499 265
182 305 415
357 466 469
355 425 447
449 491 195
249 269 359
212 261 122
57 392 108
86 104 204
58 422 427
336 497 486
391 452 171
307 403 158
345 487 222
361 398 23
154 178 213
311 500 481
158 348 475
1 143 203
207 499 317
297 433 9
460 476 206
207 237 210
276 451 320
265 364 367
14 62 188
42 193 322
89 439 252
131 391 419
51 73 121
343 485 240
63 425 78
98 479 471
36 416 464
316 451 472
471 500 149
207 303 61
168 300 281
97 134 132
378 445 194
178 254 178
250 316 318
194 461 84
181 249 360
302 444 99
488 499 152
332 477 130
185 256 222
221 467 265
193 395 332
60 290 159
225 355 431
41 114 452
353 400 278
101 378 445
25 170 182
481 491 42
278 354 285
478 491 165
331 374 348
414 443 129
220 441 11
399 413 241
124 478 145
206 295 477
481 497 18
207 468 286
251 497 213
119 153 141
298 367 165
37 178 44
250 361 369
450 465 378
159 246 487
7 405 12
67 183 278
285 485 218
109 131 378
34 263 195
135 249 17
427 460 248
312 455 79
300 420 423
351 419 132
218 392 127
459 472 468
5 285 147
177 188 37
461 500 183
126 468 137
348 484 375
449 476 236
206 498 399
470 489 252
46 176 323
202 467 434
418 484 336
285 434 327
218 361 384
252 349 296
86 374 500
13 124 22
444 471 64
287 381 231
338 406 180
109 195 286
479 490 192
20 58 331
5 420 430
247 274 344
97 276 379
10 151 175
112 179 414
126 464 216
39 205 266
0 35 406
354 404 410
267 471 126
256 322 93
230 249 291
117 350 96
281 403 365
109 160 143
387 398 355
363 500 173
216 331 80
408 430 262
255 376 221
351 402 331
409 457 18
269 427 226
256 356 20
57 388 205
408 432 359
422 439 139
37 396 482
273 354 479
54 103 423
98 467 374
440 458 174
293 422 242
263 326 385
139 254 241
399 428 7
264 370 148
297 437 30
488 500 145
457 480 87
437 499 390
19 373 274
349 373 53
21 85 420
167 183 416
215 303 176
467 478 12
334 388 45
412 498 275
216 351 171
62 334 368
458 476 79
331 347 271
461 492 93
199 414 77
91 285 501
451 480 75
107 194 64
308 339 447
236 482 454
13 242 451
423 466 155
413 494 163
240 257 210
236 478 95
171 313 211
451 487 463
393 404 174
307 486 356
137 183 472
487 498 431
223 428 480
475 492 99
284 297 493
213 404 358
240 320 313
133 194 233
357 494 160
191 276 14
463 493 118
369 406 73
178 381 232
290 428 421
449 484 338
357 481 294
59 315 185
484 496 476
402 426 74
199 295 460
463 473 234
243 450 54
475 493 100
165 332 236
272 419 237
287 400 291
232 257 469
376 433 461
97 388 135
272 434 257
125 417 345
306 324 10
92 155 10
204 304 279
458 471 406
202 352 256
101 366 393
49 458 21
219 387 117
82 297 388
275 456 128
450 497 91
30 157 480
45 125 456
223 432 51
61 167 157
430 479 148
124 487 27
421 466 10
73 483 31
366 385 431
255 324 53
217 275 276
482 496 143
278 311 406
113 165 354
300 447 90
394 498 124
420 450 440
460 480 372
100 337 492
195 298 33
286 452 63
347 361 297
475 488 153
204 330 118
468 479 242
379 490 80
105 275 347
169 316 167
225 283 146
439 483 324
352 442 470
452 464 382
79 165 395
398 477 19
33 411 177
272 495 449
430 486 261
273 360 413
276 352 484
163 354 140
73 381 209
54 68 272
100 252 24
217 439 289
294 400 243
380 491 82
132 321 18
217 333 120
27 269 321
183 341 378
488 499 354
309 432 405
171 217 179
86 303 470
457 479 357
16 324 102
233 411 142
387 482 166
47 293 224
487 498 177
218 275 337
117 140 215
125 261 219
236 446 483
452 463 467
281 460 134
292 370 311
218 306 46
104 359 425
48 181 106
39 100 16
410 434 220
84 273 112
225 448 304
183 217 480
67 373 346
388 498 422
328 402 416
81 217 35
430 469 4
474 498 198
295 438 333
191 304 271
468 495 172
437 497 396
451 498 189
378 468 350
65 396 196
191 382 152
129 394 275
278 469 329
56 404 495
49 450 169
500
296 454 283
66 269 235
228 440 346
168 320 151
429 491 437
140 202 359
86 147 501
477 489 55
99 119 143
381 439 301
16 143 472
321 406 207
389 416 57
249 461 339
3 301 228
96 143 23
457 491 331
131 384 363
51 259 287
375 457 472
232 346 320
421 463 142
139 301 298
189 348 395
173 349 382
251 429 388
396 434 356
70 262 54
231 263 331
391 476 466
282 308 156
390 492 238
8 347 144
208 243 118
221 344 210
104 414 328
349 443 314
483 496 97
62 391 127
366 401 322
356 474 372
452 474 179
280 496 25
359 414 303
206 497 364
17 317 218
485 498 242
150 162 5
464 485 475
360 486 474
168 387 405
331 458 132
17 328 44
381 460 420
236 389 177
225 456 330
114 204 203
166 190 164
62 247 467
467 489 450
82 399 253
155 437 355
269 390 425
93 372 458
109 435 147
71 271 337
121 386 121
122 139 221
253 297 250
344 432 117
249 382 252
105 406 22
74 371 227
313 356 257
122 146 496
391 429 309
331 405 202
13 437 178
466 485 113
76 380 486
251 403 434
351 431 389
289 317 491
446 493 107
259 454 286
334 483 138
71 361 238
455 499 458
424 448 229
302 416 157
284 355 65
99 319 199
306 347 33
442 472 438
459 499 166
253 340 42
363 500 208
76 116 299
375 436 154
122 205 360
345 459 293
229 499 255
361 406 46
46 128 104
211 419 101
394 469 482
95 131 374
379 408 71
224 419 424
271 402 37
23 333 494
421 439 332
208 419 498
84 258 17
368 405 298
188 285 124
293 389 287
385 443 463
462 480 494
394 434 194
359 392 1
376 410 398
333 467 415
222 384 501
436 470 14
475 487 290
19 133 461
363 386 148
333 397 480
56 76 479
129 439 31
331 437 211
306 397 79
325 370 259
5 415 103
251 428 383
487 500 223
82 313 343
42 432 108
319 459 118
461 490 376
451 475 373
480 500 388
320 409 461
347 403 94
454 483 318
485 497 80
331 425 344
52 110 473
81 298 447
311 335 35
470 499 131
75 327 292
92 404 417
298 325 105
175 336 165
397 411 179
134 280 64
327 357 343
439 469 34
421 469 116
41 315 138
413 434 434
411 443 84
167 485 334
28 492 401
42 325 190
487 500 84
221 273 354
285 417 374
115 309 99
442 473 370
232 402 295
226 424 161
113 264 149
95 267 67
195 216 71
176 282 353
452 496 430
441 458 382
455 490 150
479 489 500
85 245 409
325 458 48
297 455 141
401 499 299
272 360 435
111 422 73
153 302 46
113 326 279
224 254 406
314 481 274
328 362 335
50 407 47
288 369 6
437 478 465
72 268 327
281 410 167
363 430 427
478 496 18
450 476 92
406 471 36
489 500 290
344 401 102
489 500 343
59 479 158
267 378 116
489 499 310
454 500 26
28 244 240
142 397 29
396 414 14
136 186 40
196 471 32
392 491 74
434 469 232
294 344 433
114 410 452
444 498 75
145 424 201
397 487 212
318 394 143
366 396 58
269 287 45
430 467 136
302 446 215
309 500 377
56 219 49
403 485 145
215 314 344
472 485 424
177 188 428
465 500 256
2 219 397
388 402 280
383 402 488
46 337 475
440 462 126
98 138 384
78 334 159
194 226 335
131 220 434
450 494 425
130 495 239
215 455 184
31 104 156
423 458 468
234 332 288
96 310 96
252 264 3
42 169 303
33 113 405
103 273 386
191 249 176
458 486 236
111 288 483
72 213 481
420 461 183
343 373 183
62 109 276
31 329 12
361 489 384
139 494 66
412 480 52
148 335 469
96 358 139
269 363 223
456 490 453
423 441 223
124 356 78
400 438 371
288 355 360
22 186 111
197 482 226
230 272 162
23 285 175
268 452 133
351 386 129
147 336 50
487 498 253
73 336 220
201 260 230
234 431 43
166 178 33
308 467 440
454 490 350
452 473 16
426 453 380
470 483 149
489 500 168
179 205 186
128 275 454
323 411 67
429 470 45
327 406 317
343 419 300
398 492 173
458 490 356
377 477 17
434 496 220
76 474 60
34 461 93
427 486 210
316 365 95
333 407 451
139 173 69
107 417 245
265 286 366
389 400 137
284 446 315
273 342 248
241 489 365
160 418 172
361 385 433
401 414 445
318 470 442
53 245 125
374 395 139
273 391 206
441 464 186
308 482 2
285 483 285
225 474 323
336 430 403
312 413 310
134 498 244
254 354 362
426 500 313
327 480 237
264 374 18
475 498 320
75 447 312
302 470 496
409 488 353
256 466 198
460 479 486
431 500 207
90 171 168
143 368 197
437 492 171
234 292 267
303 337 169
378 466 399
373 495 375
454 476 446
290 362 34
290 371 134
404 467 308
153 289 200
282 364 445
124 439 152
108 183 385
278 419 254
365 391 212
293 440 113
264 480 296
417 450 30
357 422 174
485 497 501
206 499 265
135 147 421
471 489 445
25 315 369
408 448 111
397 415 341
294 368 261
283 331 164
460 495 120
302 336 293
143 337 62
340 465 23
168 227 271
390 473 462
143 434 455
29 184 453
467 495 185
310 381 146
378 437 235
323 352 420
318 391 426
369 402 213
41 55 128
281 325 119
472 492 246
349 405 124
85 421 180
74 426 347
470 494 65
422 489 432
442 452 456
435 468 416
59 76 338
164 262 488
362 450 362
480 493 93
210 319 358
95 136 118
486 497 251
480 495 297
322 353 28
326 474 436
308 322 386
347 376 304
19 97 102
254 447 443
167 228 194
106 135 186
358 423 464
90 496 135
471 495 31
47 394 166
428 478 68
430 488 129
249 393 182
100 111 408
111 138 34
240 435 189
466 484 309
162 189 333
233 328 142
346 371 140
71 172 210
440 459 63
242 356 131
227 360 115
309 448 281
156 226 205
195 422 55
331 395 266
96 254 450
133 148 192
206 225 341
379 444 115
241 254 122
87 104 314
137 390 311
149 350 412
45 236 459
17 470 39
402 431 460
488 499 196
156 395 340
388 423 271
429 466 368
188 483 77
372 462 357
272 397 390
423 448 366
403 422 243
94 260 448
450 462 231
89 302 394
407 431 104
377 434 188
413 427 280
431 449 177
263 421 70
34 162 38
258 410 85
389 477 396
482 498 72
241 499 422
234 405 40
66 378 282
484 498 446
480 493 50
331 450 449
168 217 390
359 461 306
258 370 375
364 427 249
490 500 303
45 321 268
227 362 376
205 277 411
180 409 321
283 328 484
248 288 351
345 439 209
202 372 460
439 498 58
23 368 423
323 454 345
17 153 198
483 499 378
450 473 4
434 486 404
288 311 378
254 333 325
127 213 366
425 475 444
280 403 431
261 302 379
218 270 21
232 491 191
259 499 160
282 416 448
355 393 169
260 442 499
185 481 106
500
31 448 190
62 102 239
379 469 207
70 109 401
162 427 460
162 376 183
401 498 366
3 483 444
204 260 234
389 442 2
330 414 395
300 330 422
469 485 219
142 366 138
198 422 51
238 277 59
488 500 273
305 328 268
432 482 372
170 180 162
193 392 40
390 432 167
189 483 301
460 499 105
488 500 97
184 367 381
280 477 247
59 351 129
362 444 311
319 350 449
40 450 173
64 379 372
72 110 475
32 115 198
317 459 338
86 463 164
275 367 361
378 471 123
358 392 269
89 346 295
160 175 196
298 418 215
152 441 29
68 119 452
255 317 296
3 231 450
285 297 456
475 500 450
248 484 300
151 369 304
331 352 272
300 489 151
121 440 326
286 478 473
291 399 425
48 362 435
164 410 1
315 348 238
332 439 101
327 358 352
143 232 224
397 408 255
48 347 76
224 324 353
127 469 45
74 172 229
206 334 392
361 372 226
164 310 9
62 183 225
30 309 55
191 324 496
152 194 89
79 425 228
124 468 194
74 204 392
201 285 57
50 143 340
488 498 114
111 442 174
413 476 104
433 462 114
419 481 199
71 460 457
185 326 42
441 489 108
307 376 428
58 74 321
4 270 282
235 289 451
167 267 266
63 418 41
400 452 292
445 490 168
3 283 290
141 284 363
305 454 348
242 257 240
127 345 198
211 334 249
329 420 496
261 280 18
255 324 356
80 94 337
311 379 179
175 424 191
181 348 230
170 331 256
150 306 175
292 328 134
152 307 159
436 453 218
478 498 434
232 383 332
283 406 49
52 95 172
16 200 420
5 55 313
163 220 271
354 456 166
369 395 305
52 87 384
196 231 199
304 470 143
349 399 257
413 452 462
170 235 97
385 457 27
198 257 94
429 495 212
197 352 110
36 84 388
423 468 316
412 445 20
145 341 463
204 449 464
293 436 426
213 339 36
125 360 434
256 340 168
67 257 453
480 496 139
291 312 277
109 327 354
353 422 466
127 449 206
368 395 327
389 469 353
354 415 124
208 303 308
349 395 494
303 357 221
219 463 171
72 390 200
198 209 491
269 489 441
212 394 387
15 445 140
285 475 233
151 298 93
192 239 498
415 455 1
393 461 351
349 415 470
67 292 357
314 340 494
73 416 34
79 472 214
332 378 313
147 460 479
274 483 229
163 224 212
147 229 261
178 421 208
213 283 452
43 202 422
346 459 354
67 212 116
409 485 120
207 495 267
482 495 62
299 496 446
370 392 160
64 428 84
319 334 7
142 389 217
166 438 401
358 464 157
52 203 193
124 449 486
86 121 248
260 453 499
167 244 264
202 428 139
209 484 102
149 452 146
127 303 421
193 238 273
20 388 197
480 499 235
437 447 25
26 461 12
450 462 356
386 475 205
344 392 319
253 406 336
308 357 484
88 343 222
183 297 196
93 254 166
250 367 201
484 498 268
309 490 259
453 488 206
357 403 80
168 340 111
136 368 232
216 253 490
304 408 17
244 370 462
420 467 295
316 358 421
299 366 405
466 486 192
355 370 110
220 377 4
280 438 86
0 199 294
206 451 291
106 453 125
411 482 3
39 171 406
185 201 215
422 483 134
355 367 76
412 452 38
437 463 489
23 150 98
121 177 485
473 492 85
358 397 134
147 376 155
434 489 315
209 428 302
270 386 482
352 413 340
368 470 62
347 437 261
285 396 478
349 387 113
257 353 109
404 424 414
183 302 25
390 400 203
469 481 74
471 481 416
82 180 50
54 378 367
425 454 391
113 395 390
231 400 48
375 431 196
3 35 219
105 199 270
205 240 416
361 375 32
416 441 24
476 499 314
203 394 70
411 436 270
347 364 250
28 266 492
336 474 475
457 485 69
200 229 438
86 229 300
205 402 127
39 91 30
285 315 273
51 224 35
123 476 115
147 309 345
53 331 310
238 296 128
214 383 461
110 160 106
191 470 152
476 500 257
64 297 299
174 400 6
460 493 65
449 478 209
136 195 493
81 335 47
466 498 177
46 184 21
209 343 385
131 381 467
15 311 16
268 444 56
57 272 22
331 434 136
345 450 430
32 97 224
255 437 436
135 267 412
220 297 248
464 483 333
14 338 163
130 226 275
456 496 167
453 483 382
264 284 20
24 114 134
411 470 450
40 233 143
251 345 209
275 314 351
90 423 471
144 429 253
26 422 81
241 279 323
33 419 303
205 491 283
118 193 70
253 346 362
464 485 1
129 459 54
423 493 223
377 477 88
7 295 395
437 452 97
414 436 467
275 465 35
141 211 341
101 141 30
472 500 25
70 337 442
320 484 439
332 409 112
405 434 362
158 362 203
103 159 247
222 375 254
376 455 465
178 193 61
319 468 30
74 391 220
308 322 114
234 478 288
369 421 328
371 477 452
166 428 481
420 492 55
361 478 431
206 256 426
38 107 441
302 434 483
405 474 257
283 419 67
153 234 339
471 499 147
199 461 158
248 464 11
423 500 376
228 498 107
162 470 95
80 177 235
96 126 451
434 450 255
454 464 359
284 359 63
378 443 251
437 486 451
124 462 99
274 487 355
19 350 322
384 452 53
1 54 59
405 496 110
381 461 185
357 406 369
93 146 231
217 247 168
274 453 94
78 294 292
111 282 489
146 417 189
442 499 396
113 152 28
485 497 238
458 477 347
290 330 231
470 480 18
482 495 210
449 475 230
91 221 10
242 403 176
341 403 393
37 138 433
462 486 186
144 435 388
188 497 252
464 482 474
485 498 61
233 373 13
400 437 129
140 362 145
56 287 285
43 489 39
399 457 75
337 371 468
163 249 371
468 493 407
396 413 168
72 233 170
454 493 211
215 350 27
407 423 432
2 13 478
406 468 268
423 473 203
227 409 96
135 300 186
76 146 18
349 455 186
60 313 424
462 485 394
414 488 22
333 478 453
468 479 420
47 110 114
269 488 260
279 328 113
176 373 188
47 343 100
444 486 373
296 438 244
214 306 433
321 472 90
15 446 211
195 291 19
403 443 77
135 317 334
458 476 122
243 293 43
357 385 445
411 440 33
85 112 298
15 64 132
178 397 307
435 446 172
88 217 436
1 401 83
417 453 449
412 434 188
268 313 131
136 441 403
386 496 491
34 161 67
200 300 58
57 166 255
366 419 213
260 274 331
62 249 293
13 232 429
340 363 147
266 499 216
82 426 404
299 328 282
368 432 419
44 488 423
358 380 306
198 268 343
415 426 360
217 407 74
43 107 178
429 450 21
83 380 72
254 297 318
417 433 163
384 452 82
128 247 393
67 157 411
467 491 170
472 489 326
124 382 358
223 290 87
5 55 94
139 306 380
168 453 78
125 403 410
147 300 53
86 407 5
391 463 273
490 500 30
31 110 332
439 466 196
489 500 372
472 487 379
500
158 299 384
275 294 363
16 46 309
287 448 61
441 490 149
202 383 110
463 494 206
226 474 415
106 281 364
273 347 203
132 498 424
181 276 500
427 467 484
190 424 477
177 240 8
137 220 458
204 275 50
122 160 376
108 141 380
151 229 274
414 497 132
301 481 159
402 487 32
141 429 95
179 254 471
377 404 162
278 319 38
193 208 439
318 484 354
107 377 1
433 486 359
321 427 264
330 404 422
29 40 90
426 463 298
332 497 500
39 270 237
274 352 301
296 457 178
194 415 18
68 148 92
195 481 371
254 412 473
233 364 108
463 500 150
43 212 176
483 499 370
50 83 335
0 69 451
215 375 406
411 494 102
479 495 93
431 472 242
349 371 63
119 236 24
390 479 499
222 283 220
254 370 133
296 349 387
252 288 6
224 402 388
104 152 110
149 215 98
132 411 435
93 492 213
363 383 59
264 349 337
47 485 56
219 355 154
166 260 291
103 168 212
333 477 344
240 480 47
478 491 234
170 182 161
2 79 243
36 367 181
316 389 58
407 482 130
58 272 180
331 419 217
469 492 455
344 434 346
98 217 356
103 339 486
329 390 376
246 488 135
178 315 157
119 445 179
372 443 192
230 248 130
323 339 363
412 479 274
231 303 219
477 499 112
323 384 397
401 427 248
104 234 484
270 332 86
225 248 391
98 253 381
380 475 279
351 370 380
191 396 320
450 462 276
424 481 475
57 467 233
243 412 107
155 177 78
20 39 348
143 417 307
415 489 41
208 409 358
390 434 222
196 239 314
42 391 276
88 396 245
198 394 113
39 414 465
343 449 443
434 449 100
440 498 73
429 457 162
394 404 216
422 474 375
70 151 420
316 384 172
8 306 334
260 291 393
342 495 311
101 237 413
162 330 338
50 407 126
245 327 53
1 381 372
256 329 342
122 360 317
161 444 16
14 108 122
209 222 341
371 418 199
355 436 461
187 261 145
374 442 353
191 249 93
231 497 153
445 492 103
297 488 127
333 384 293
39 200 13
27 64 135
153 167 444
379 477 121
220 285 20
333 457 112
74 119 386
344 415 100
290 483 72
355 430 275
11 67 50
59 80 60
71 333 322
11 303 65
33 134 96
398 462 366
197 389 89
231 419 144
141 224 35
247 286 368
356 486 240
69 309 42
361 437 269
368 463 85
281 382 67
463 495 422
216 344 90
396 414 391
85 96 137
381 423 76
183 426 156
367 405 5
385 425 176
102 361 12
449 497 44
157 251 327
241 283 449
421 454 134
485 496 388
157 227 25
261 302 412
199 419 34
373 466 208
229 282 487
443 456 341
208 246 464
260 387 197
469 494 4
327 423 398
224 249 175
450 479 266
243 489 167
101 425 165
191 214 115
101 241 365
140 421 349
175 236 196
264 418 104
214 481 273
167 179 102
480 494 87
257 367 224
459 498 345
241 353 88
482 496 20
399 474 81
47 223 304
337 356 260
228 390 429
453 470 277
31 342 205
373 432 306
69 172 51
302 436 436
485 497 148
404 415 173
286 318 29
340 406 321
445 463 171
312 421 496
236 262 117
313 346 131
423 498 479
78 192 236
302 343 50
179 447 263
126 373 329
299 418 14
346 368 341
36 297 428
334 480 370
358 476 175
188 417 71
456 500 144
307 418 241
245 325 244
145 177 140
477 487 228
275 354 285
193 245 288
177 187 235
176 421 440
432 454 140
358 479 442
110 338 432
93 433 149
423 490 205
223 325 236
325 460 428
6 359 111
443 488 358
416 477 201
380 434 49
76 376 143
405 461 40
196 472 319
72 265 146
51 247 481
379 423 170
294 341 359
310 443 290
125 157 320
212 411 315
381 494 296
242 367 103
242 400 430
149 163 33
59 200 185
272 309 79
45 320 297
198 224 73
244 342 310
442 463 349
358 393 249
135 461 492
464 482 131
462 478 407
173 261 359
43 341 147
205 264 66
406 476 109
370 493 256
425 442 247
113 225 265
418 476 427
336 374 497
349 421 28
155 456 454
354 467 357
393 445 373
459 480 223
374 454 468
133 160 401
224 261 461
311 374 219
472 499 52
167 234 61
205 414 30
370 409 257
246 260 229
4 36 469
107 238 109
392 449 86
230 272 324
125 371 7
90 274 105
392 440 455
471 496 180
388 400 52
455 477 226
117 204 241
475 485 490
164 485 118
60 240 54
277 347 66
384 437 98
373 447 423
126 301 292
459 472 215
60 213 2
409 424 252
2 132 498
401 475 471
398 441 413
161 371 80
24 313 222
19 400 467
10 160 400
26 81 323
99 192 387
185 315 421
9 112 368
323 465 462
43 414 485
317 500 94
107 231 225
205 297 436
456 475 265
243 473 166
363 455 45
419 466 330
94 162 353
386 457 403
341 480 188
112 152 74
485 495 85
380 490 369
82 116 470
479 499 249
349 439 495
82 165 202
63 303 408
413 471 486
394 458 418
8 104 261
35 432 483
186 333 283
278 448 439
458 482 122
411 445 322
384 488 456
433 461 187
488 498 279
196 334 87
479 495 262
348 409 347
482 497 339
399 484 309
287 377 351
348 436 204
308 432 489
202 471 211
423 486 8
322 451 458
347 451 389
96 260 150
22 456 395
451 497 367
115 320 253
96 313 206
46 202 46
3 354 106
383 488 6
297 435 182
22 112 401
184 364 207
241 337 335
71 356 248
56 74 298
192 361 289
28 148 177
417 487 382
14 449 9
473 493 38
62 264 184
182 341 11
391 494 96
472 490 458
103 126 488
227 297 48
198 406 124
347 490 271
455 487 123
96 240 72
202 270 387
394 496 151
61 276 294
317 464 54
99 215 396
201 263 437
233 288 385
173 385 463
29 489 84
200 240 337
40 114 336
86 102 179
406 494 46
260 375 64
7 495 138
11 37 194
242 256 252
208 370 375
223 363 488
403 464 380
236 314 264
112 139 10
258 320 444
366 494 238
332 406 475
199 294 366
484 497 389
133 346 101
379 393 476
314 454 447
344 372 484
89 343 305
325 459 29
401 479 449
276 482 324
460 476 83
67 238 240
411 430 287
199 386 270
7 302 303
429 485 10
237 291 348
490 500 284
135 333 243
205 440 227
320 361 216
358 459 202
38 266 383
93 196 299
127 212 41
220 301 173
111 427 246
419 472 250
397 456 193
330 385 297
476 494 459
173 253 76
51 75 76
89 231 63
433 478 488
364 375 414
291 322 116
68 118 273
239 336 404
381 465 318
71 231 82
123 474 209
35 433 266
480 494 306
83 212 230
352 402 300
313 415 390
478 489 268
124 223 429
174 444 92
306 319 75
368 385 125
385 446 234
390 473 184
20 257 459
309 422 356
403 467 195
70 94 461
88 412 295
229 450 210
412 460 426
480 492 368
500
259 273 397
339 494 199
63 112 258
355 435 197
256 324 497
392 441 131
82 150 202
251 287 24
188 314 479
438 500 232
2 338 295
374 403 354
128 361 418
286 414 327
199 317 380
143 261 262
430 442 343
94 461 349
274 384 285
271 431 386
432 490 201
470 490 211
324 428 300
265 376 141
397 494 362
381 497 403
457 483 187
44 332 155
350 420 453
78 459 459
184 293 219
44 335 456
323 435 267
242 278 431
388 463 133
449 498 215
75 213 47
227 440 122
63 138 48
367 388 73
456 475 145
251 415 99
164 186 270
339 387 147
291 302 463
212 274 118
402 436 495
383 482 443
314 374 25
402 446 253
473 497 123
432 445 428
69 202 386
282 412 437
47 237 498
457 479 445
300 362 112
155 359 412
381 445 226
168 243 290
441 469 496
249 375 312
248 269 31
241 306 14
432 453 404
117 287 188
328 416 209
27 120 184
56 235 248
415 427 157
363 418 123
187 273 407
178 337 230
298 439 210
461 498 9
472 487 309
124 150 441
183 390 26
361 483 452
233 464 272
176 267 316
382 448 259
356 394 294
73 165 336
337 359 222
306 381 363
204 426 91
210 248 465
348 497 218
324 473 179
208 307 120
462 480 197
25 336 95
343 465 41
337 405 333
257 300 203
317 487 88
297 416 176
295 452 47
276 329 315
364 462 160
213 343 424
176 320 43
217 484 293
44 392 194
294 364 244
99 208 439
171 486 291
79 446 320
428 454 230
6 457 340
477 497 277
461 475 75
464 490 458
441 460 26
279 296 472
349 382 348
132 151 12
134 188 15
440 454 488
194 480 89
157 493 474
476 486 369
226 440 184
217 388 492
324 464 329
150 329 127
43 140 333
57 360 250
354 457 248
218 421 93
170 440 68
234 272 147
344 384 366
181 321 56
281 445 42
239 300 154
198 278 82
341 447 254
368 443 352
323 343 302
297 470 117
47 282 44
447 474 141
353 499 126
353 425 487
168 368 314
299 339 473
146 222 225
421 465 435
434 487 188
457 493 356
489 500 74
415 444 315
365 468 183
226 411 175
409 421 365
177 402 365
320 333 216
384 447 192
380 452 426
364 454 482
377 481 361
36 495 378
439 480 61
37 192 76
391 405 180
427 438 209
368 401 278
90 434 121
291 366 51
355 466 500
259 307 213
170 471 372
204 342 113
137 340 22
322 386 358
184 338 111
310 476 101
479 496 459
246 282 84
355 498 80
358 389 374
282 405 432
387 499 181
371 459 231
83 251 489
402 498 155
235 401 382
339 416 441
266 484 140
216 396 339
369 494 227
360 379 6
92 207 141
380 394 165
266 405 485
132 196 107
329 360 136
232 470 191
202 469 137
418 436 193
2 357 86
421 439 202
252 481 276
406 469 239
356 394 60
440 479 269
441 466 438
472 495 273
261 424 445
206 435 116
319 427 311
177 358 442
252 416 143
348 467 317
334 353 257
89 243 354
254 474 355
166 287 303
163 473 392
315 385 65
391 484 151
262 293 473
8 66 241
217 323 200
64 302 164
294 367 468
315 371 331
454 467 175
384 400 16
350 362 443
2 158 352
73 409 335
9 329 57
312 327 440
237 279 313
298 398 174
386 418 416
123 268 327
183 257 136
317 487 219
262 398 419
40 133 66
218 398 353
381 480 304
138 214 165
429 460 146
173 299 41
176 297 59
326 413 33
420 441 354
103 361 247
188 360 102
391 413 497
204 395 342
333 362 251
104 269 204
9 83 425
148 199 298
34 305 379
261 348 115
14 75 82
404 456 102
361 439 182
475 492 402
353 398 188
291 390 196
184 371 72
343 389 448
382 497 483
198 496 450
258 313 69
7 245 495
476 495 465
455 492 189
489 500 81
321 373 434
40 268 271
214 374 351
470 490 90
483 500 33
9 190 357
345 479 371
336 497 439
266 317 146
307 378 369
349 487 190
463 490 479
296 315 183
131 428 75
273 470 130
464 483 128
257 346 287
95 420 119
335 431 303
477 487 150
433 458 13
227 255 207
473 483 237
417 466 282
329 466 415
412 475 16
196 261 255
122 451 341
63 295 416
416 464 279
93 452 414
199 289 34
178 392 211
122 479 96
453 498 8
253 494 406
30 218 17
306 330 430
117 150 381
274 379 31
215 302 144
182 339 307
13 460 467
391 483 322
167 403 153
155 288 138
336 357 461
75 279 331
475 497 231
10 260 54
217 262 367
306 472 114
12 275 273
95 401 425
421 498 471
389 428 120
359 401 455
150 397 469
188 248 261
189 440 105
446 500 283
264 277 25
16 180 423
328 344 36
363 380 54
44 230 452
67 82 277
350 380 398
253 327 427
126 245 92
292 441 28
15 80 116
221 497 501
459 482 347
37 70 209
141 384 142
63 433 330
93 242 347
417 446 187
78 306 360
226 245 461
152 389 53
34 500 289
216 303 258
234 306 80
349 500 152
336 442 498
91 500 301
238 417 344
221 306 413
240 349 201
409 422 213
192 383 30
75 196 490
87 340 126
339 349 286
405 436 492
423 443 177
160 388 280
415 483 334
463 484 278
102 259 221
107 202 470
489 499 464
253 332 328
239 374 29
391 409 163
110 297 464
88 177 426
103 470 387
335 401 135
88 351 232
224 458 490
57 480 235
157 455 266
265 371 420
413 432 244
173 334 352
443 496 200
77 217 25
424 434 222
146 284 9
459 487 258
97 162 385
429 462 338
108 191 376
16 186 463
137 157 43
100 228 20
484 499 259
384 411 379
33 228 16
340 420 34
295 499 410
462 480 353
366 414 92
338 479 433
448 469 194
75 298 493
473 499 164
51 397 185
365 457 456
426 438 400
449 466 192
405 480 489
465 494 428
126 339 265
136 152 103
22 368 239
480 493 14
40 213 37
291 468 357
380 465 465
336 381 489
30 490 449
115 216 321
267 318 371
423 455 119
339 432 393
57 172 192
317 436 491
223 467 336
417 477 64
408 452 383
214 277 210
276 393 237
97 136 93
273 438 246
260 415 81
122 193 348
58 281 178
88 170 11
472 495 377
37 299 114
275 481 399
414 447 382
158 253 169
480 496 106
151 417 134
0 137 32
113 375 375
386 461 48
9 68 278
91 121 62
289 416 290
184 282 67
149 220 201
268 344 395
401 430 125
432 447 185
265 458 46
300 442 59
283 480 236
278 317 118
329 370 79
311 463 7
32 102 156
23 225 350
441 490 442
72 233 224
177 488 401
104 129 200
241 442 39
185 411 78
315 338 338
357 374 478
418 448 112
395 413 77
242 363 486
468 489 407
325 406 326
44 397 21
480 500 143
286 484 446
362 462 107
287 374 16
280 381 429
394 438 8
5 18 333
8 74 20
283 322 495
275 292 147
225 490 281
500
339 434 10
241 484 373
348 472 424
262 359 413
167 302 334
476 495 407
346 462 68
434 452 161
464 496 365
78 211 45
351 486 114
99 204 417
170 362 245
417 433 58
168 481 209
212 352 165
220 243 319
167 467 56
158 244 46
14 104 23
118 194 221
20 260 450
400 466 207
387 415 252
346 454 269
371 473 461
287 424 47
297 319 382
363 467 190
137 148 439
114 411 275
152 227 129
172 485 235
187 497 200
400 475 340
211 496 201
59 272 287
16 104 51
76 265 252
237 381 203
182 272 236
63 227 353
90 468 116
339 384 202
140 313 259
269 462 483
26 435 151
98 498 296
361 489 470
130 150 200
355 384 108
190 459 484
456 488 492
335 349 315
43 273 434
406 455 104
231 265 366
252 278 91
147 482 18
173 250 257
42 479 332
75 392 478
315 492 81
256 398 29
278 405 486
159 236 348
452 494 171
35 182 5
280 411 473
412 473 344
313 357 4
298 356 490
256 370 122
468 492 215
431 486 339
34 151 119
250 263 231
312 465 435
290 482 36
307 475 38
29 155 430
142 477 454
344 452 402
201 326 39
214 341 185
254 427 273
332 380 265
363 373 113
419 476 175
161 484 169
490 500 30
400 467 142
404 489 156
393 466 26
353 457 42
109 253 316
237 303 327
49 482 85
252 357 241
309 500 425
144 265 469
458 488 283
144 346 100
431 480 254
65 203 461
331 490 261
397 482 337
31 459 451
229 482 94
477 492 431
124 134 16
364 448 495
371 500 147
453 500 497
309 481 417
299 471 178
446 483 475
271 465 137
248 413 24
380 458 196
486 496 73
466 488 306
109 427 21
97 169 391
191 469 170
209 336 114
300 387 492
159 347 41
109 293 501
3 330 265
443 465 189
306 382 12
82 165 11
139 404 342
426 487 164
206 247 143
385 425 70
394 474 49
401 444 159
186 329 9
219 424 298
99 436 262
279 444 321
416 441 301
354 497 333
239 374 64
183 202 109
389 430 186
146 189 345
314 460 95
391 472 481
409 462 464
40 488 433
282 490 198
320 372 229
210 404 118
341 363 49
113 250 394
116 149 83
101 288 272
351 458 76
478 493 203
20 61 462
155 211 49
444 463 251
38 461 361
3 229 476
76 146 210
214 434 134
365 393 15
288 326 429
188 252 38
126 318 230
137 433 140
320 447 398
196 374 378
197 318 145
141 499 66
202 263 75
174 197 438
49 248 79
217 473 239
399 480 371
266 498 494
418 466 286
343 411 278
424 483 53
9 376 432
411 461 320
432 453 73
421 483 1
85 170 226
389 442 208
95 189 452
440 480 343
37 360 401
198 496 322
373 407 318
57 248 103
213 339 411
448 494 129
449 471 87
188 411 61
283 370 304
185 382 124
18 103 69
382 430 187
113 457 276
441 483 80
287 384 292
282 384 282
82 138 273
180 242 453
205 439 246
237 340 160
66 209 93
149 372 487
317 367 281
451 474 449
78 391 102
7 186 271
50 418 291
17 416 67
131 470 307
348 405 145
261 351 395
344 432 63
296 343 149
409 435 100
440 459 205
266 376 220
428 490 2
435 445 287
345 474 420
114 498 240
449 493 329
368 441 179
245 266 253
278 470 234
202 234 35
411 471 419
280 418 392
412 423 51
109 493 359
48 144 198
225 367 204
103 261 125
127 292 407
452 496 40
27 320 479
23 258 295
399 485 193
426 465 360
0 168 113
205 477 37
292 407 406
100 186 139
11 207 36
275 407 311
401 479 372
464 490 122
7 234 459
472 485 214
204 297 309
111 195 467
108 457 237
425 484 43
295 344 195
484 500 126
149 416 2
442 465 246
281 292 269
29 148 10
172 343 347
146 293 289
293 398 363
481 497 60
230 375 248
443 457 163
454 493 448
2 91 470
141 225 71
56 358 211
396 468 139
11 325 132
224 490 399
169 196 304
9 86 300
425 458 280
467 495 391
301 321 226
233 413 380
441 479 302
121 374 28
479 489 49
181 234 48
298 313 103
489 499 248
432 491 177
41 181 190
51 296 428
475 491 287
134 187 493
37 104 121
328 399 17
90 195 37
282 395 414
437 481 268
123 307 95
25 474 466
102 337 105
292 476 69
39 437 325
43 331 60
356 451 312
483 500 269
178 408 430
97 395 31
13 116 388
420 434 447
382 423 77
60 310 212
381 466 33
467 486 44
355 372 407
266 403 86
194 236 20
22 321 191
292 453 236
12 208 177
184 382 358
418 440 32
362 485 7
329 351 468
110 391 423
153 184 162
160 176 207
152 176 473
435 469 23
21 318 356
62 224 194
480 492 279
304 410 323
172 344 367
452 483 282
188 357 297
474 485 267
444 482 331
489 500 193
379 389 194
382 395 283
60 232 477
449 485 273
441 497 444
63 205 298
267 367 405
313 494 474
90 473 350
324 334 463
19 263 189
243 360 148
478 493 144
147 421 242
234 407 88
484 495 160
189 442 199
200 243 345
65 211 6
115 441 153
443 458 146
148 184 429
120 305 437
243 361 477
218 387 444
271 320 62
346 443 3
309 338 23
37 465 244
190 200 131
426 470 14
255 374 324
92 277 351
51 98 369
72 121 182
122 468 357
59 151 192
440 481 278
24 192 234
239 470 55
354 495 295
401 456 384
345 388 376
224 380 445
253 328 462
383 438 150
199 271 123
156 246 475
118 167 404
280 469 305
444 461 203
311 404 441
417 493 86
338 370 92
106 234 78
411 449 499
418 494 422
26 333 152
428 445 300
242 261 393
451 481 124
147 373 133
24 277 4
467 478 440
186 264 301
264 383 274
170 254 409
297 362 375
78 417 222
328 382 264
0 423 101
120 206 346
223 328 261
389 478 477
21 64 91
9 358 303
320 336 448
455 491 326
415 481 401
367 381 13
337 383 480
171 257 427
228 487 131
123 164 446
120 288 286
310 461 182
450 470 6
205 411 197
417 454 230
28 93 299
107 155 329
473 490 208
22 318 396
277 453 8
234 499 387
394 405 267
474 495 106
217 479 457
472 490 366
269 329 381
374 410 251
12 306 376
370 477 212
378 395 294
136 467 25
38 144 115
131 339 166
367 465 41
367 467 356
258 381 154
216 258 339
275 408 271
248 316 488
47 373 53
284 312 337
376 427 141
205 281 50
121 153 400
477 494 325
356 452 136
249 353 129
297 315 397
274 314 144
490 500 36
193 280 214
489 499 316
174 479 255
145 169 422
105 156 74
63 206 99
488 498 318
294 367 161
43 94 333
480 491 456
291 350 57
178 292 362
35 67 138
446 466 338
95 479 385
13 405 412
288 463 349
445 490 430
328 432 440
116 229 168
104 142 360
411 489 355
343 383 352
421 449 90
242 375 210
86 283 150
386 488 428
500
139 301 131
422 462 229
480 498 204
377 435 218
243 308 6
264 416 321
216 393 497
153 250 220
104 275 98
245 487 206
137 372 394
22 405 113
350 461 233
350 452 9
318 364 415
167 405 296
45 203 299
169 260 421
359 455 74
64 468 219
341 432 359
156 390 32
395 489 281
360 370 409
310 499 430
477 490 316
257 347 431
184 217 87
332 427 424
331 477 439
131 452 103
314 390 475
450 462 58
423 444 7
270 480 199
3 186 190
490 500 472
1 16 404
235 409 153
10 261 196
246 481 130
342 366 209
110 472 286
347 484 477
259 430 246
235 455 336
233 261 439
259 270 399
450 488 364
253 282 46
31 479 291
234 404 396
119 407 463
478 500 109
382 482 236
156 329 343
125 465 234
489 500 59
313 417 350
188 341 311
428 453 129
46 421 486
294 329 160
176 231 442
216 241 282
58 79 357
218 477 470
337 443 204
410 465 261
396 491 422
364 478 432
381 469 187
32 314 205
490 500 457
294 381 18
424 434 190
466 486 427
169 435 203
473 484 345
65 485 496
64 428 68
48 447 324
0 280 328
31 347 213
206 373 368
409 432 372
385 489 323
143 194 120
109 305 354
136 207 320
383 394 357
120 146 112
221 442 310
490 500 468
337 408 111
228 433 232
367 464 6
20 234 222
219 254 283
355 404 314
332 441 196
444 480 64
449 500 448
230 468 355
411 485 45
406 424 301
18 213 275
485 497 160
387 474 309
11 207 119
392 413 52
82 218 315
373 416 452
70 165 250
34 215 17
298 410 247
339 473 34
4 275 395
451 498 105
338 420 137
365 456 255
386 455 126
42 247 264
210 294 443
386 494 131
475 496 224
121 460 388
6 310 235
257 341 19
34 193 191
79 418 11
259 418 417
57 408 134
329 458 146
302 374 210
319 452 135
157 484 97
140 456 491
223 469 371
342 394 163
373 482 267
428 458 298
33 315 346
146 476 436
95 177 380
138 399 12
95 292 472
375 404 23
415 469 275
155 437 105
370 438 159
487 498 286
328 424 62
329 478 157
100 468 478
91 372 392
202 212 414
33 93 130
339 379 476
411 446 381
401 474 433
279 474 172
172 355 393
405 467 200
294 328 171
49 411 245
424 472 36
329 382 42
21 365 340
27 384 254
85 118 438
357 482 217
28 42 179
300 412 214
228 448 441
39 481 143
194 213 204
42 321 174
379 410 445
9 396 164
375 436 448
211 299 488
336 480 158
185 344 5
485 500 194
482 495 47
93 323 66
8 214 425
433 498 322
314 489 389
139 408 288
202 370 452
421 481 483
10 121 118
376 489 210
295 483 132
94 430 142
377 398 297
301 318 490
338 422 360
328 383 481
318 372 327
239 334 26
202 415 240
299 366 448
479 492 72
187 497 459
389 427 175
426 486 81
3 213 111
107 125 150
328 499 202
205 405 381
455 499 223
281 358 373
64 153 176
11 150 260
124 317 168
174 370 100
179 362 333
433 453 46
425 437 106
332 351 194
285 297 118
484 498 487
226 402 109
126 237 257
463 479 214
174 190 381
440 474 208
8 448 27
307 442 316
324 377 265
27 409 123
143 227 410
280 385 90
207 381 195
452 470 178
233 397 498
135 425 144
261 423 129
335 391 121
48 431 80
46 95 89
154 230 272
64 316 173
435 471 248
45 206 329
244 260 349
465 480 194
326 405 8
330 381 251
125 296 216
197 401 318
346 494 75
292 404 487
163 214 359
372 416 472
116 315 85
472 491 374
98 183 137
66 255 208
303 374 411
133 227 84
105 389 479
23 151 1
205 265 455
432 480 15
276 353 416
373 424 383
377 451 258
108 211 99
471 492 121
171 433 375
213 237 57
461 471 147
242 457 253
296 354 87
271 292 170
93 185 121
455 485 435
294 337 335
148 268 224
364 471 443
360 455 104
99 260 446
244 472 154
39 296 247
17 300 265
465 499 68
5 463 93
206 460 458
267 348 382
43 285 367
140 339 492
84 451 228
214 402 165
382 395 402
160 252 391
286 350 176
236 262 249
8 122 73
457 492 415
96 160 181
305 446 326
169 209 345
39 389 239
35 76 29
129 262 358
116 236 37
113 168 322
475 485 148
64 321 4
7 269 428
255 322 391
99 165 34
308 433 438
152 478 39
38 86 457
47 369 33
137 294 74
80 468 429
386 447 397
48 319 404
69 498 256
355 421 484
339 428 468
370 392 292
78 362 79
440 477 175
54 188 485
254 284 422
426 478 312
367 387 464
40 500 500
46 280 241
463 492 252
117 188 47
327 488 341
354 388 227
262 382 193
135 412 96
196 310 40
486 499 372
63 314 420
419 485 119
431 472 287
86 101 470
170 256 406
1 148 152
192 422 197
241 500 418
5 138 379
49 69 497
427 496 85
301 356 312
158 243 227
14 231 44
308 369 412
369 481 177
186 271 466
0 461 374
313 390 363
14 316 77
36 231 382
239 364 51
0 139 183
133 170 171
103 377 298
194 245 183
2 390 161
332 465 99
348 452 94
391 483 473
266 481 460
475 499 61
264 342 64
386 462 42
27 290 385
321 437 408
406 418 124
15 77 103
286 404 338
57 284 490
212 410 149
371 416 108
248 419 330
281 428 43
483 495 29
186 429 250
13 114 53
463 487 297
113 175 159
299 342 433
442 499 406
430 475 342
411 456 13
114 203 169
214 260 482
290 480 226
311 462 319
290 410 447
321 390 358
456 494 46
328 480 242
21 122 480
6 84 312
290 431 243
430 499 484
413 450 18
325 351 499
322 430 428
172 256 344
208 373 22
380 438 412
79 486 437
22 56 375
442 480 78
36 454 182
318 474 155
156 332 307
412 495 378
476 497 198
105 490 24
389 432 95
430 493 300
21 182 443
377 388 81
46 88 160
311 435 369
429 479 205
418 450 302
379 458 365
57 248 481
85 112 249
426 476 25
390 483 414
5 131 38
214 230 439
404 460 48
488 498 444
384 407 285
483 495 102
134 313 156
407 424 343
409 450 311
335 476 271
375 432 127
399 420 284
134 201 400
220 253 269
7 214 305
11 327 445
249 335 379
358 433 4
71 369 454
84 105 185
323 422 344
321 360 255
379 497 277
488 500 295
279 314 225
115 147 130
342 399 395
310 431 273
444 454 120
49 305 294
71 201 194
181 308 268
59 252 313
73 325 308
219 454 141
32 472 201
470 493 196
102 131 220
418 462 413
17 225 364
368 443 82
270 440 117
433 470 145
270 333 128
410 454 335
93 404 337
252 323 339
358 499 485
179 252 301
68 446 293
99 201 383
25 311 270
118 312 166
452 493 122
485 496 409
171 380 162
489 499 423
56 348 148
216 244 327
464 494 294
434 497 350
66 211 465
416 456 221
